6615014352506680
4714094465653256
5850094324599328
5196112618451792
6922094323853376
3425094466528222
7749013867548812
4228094249074802
4589014169247218
8628094321865974
3310014334602068
15872384776
1886014158000366
4564014100124286
5963014443245332
7527014333498382
7110013620631090
5852014326463588
2754094336878050
1451014461097268
5045014152809120
7701014323010226
2213014417036002
2974014459651106
6352094146333266
6373014458490304
2611014138211838
6264014405941510
6176014461361340
5102094162077432
4274013693014518
7883014452943286
1137113793651252
7640014122671168
2279014323169432
4050014339414430
6594014087103920
3157014466327118
7411014285135756
1114014182963278
7696094274532266
5564014459527228
9298014466825700
2899014465682296
7835014424589620
9524014416314118
5877014346456536
6990014192531310
6085094115492628
5881094339355984
6329113434734528
9068014327334106
4346014394792180
6953014150340284
1735014369529420
8226014186387220
9695014446558154
8160014430140902
4107094330241444
5805111758971300
9850113946155986
7207094218129220
4918014358454390
1689014223568436
3754013866764756
2993094318131084
7701014304540692
9633014386087620
8966014421825330
6254014292039998
6156014127810842
3655013557193032
5887014219225436
5128014448305830
yangyf001
7684014465965480
7012014062166016
7258014019801908
4534094070084026
3689094466554550
5801014316084364
5976014295288732
6851513736184362
13816514586
8402014128490616
7596014316990882
8321014237866052
8207094024090238
8136094356445300
1122014280544156
6253014314989124
4066014205014816
6673014272927690
5132014365683394
3206014338550264
8819014293528698
4337013944461242
1682013593715092
1887014410981914
4403014298842920
9681014417176866
2104094162316154
3060013631385696
5859094407624294
2236014338572678
5749014369034448
1665014310060508
5838094195868394
7345014466405460
3902094465602952
9627014324624548
3494014266877224
7500094008266036
7445094259116546
5088094190836348
5491014416419290
9526094177964908
9331014176893348
9841094466087330
5069014456941402
8735014220122256
8537014115867896
3486014175152870
7557094461212276
7723014353618314
6555013889296118
4648014412130936
1177013866972566
7462014391995290
5182014455924654
5858014118592572
3050014427042474
8036014086348074
2312014406708512
2584014428561998
1522014429304260
2566014417176980
2222014453447976
4766014329391688
8976014347090790
8339094012452406
4430014464677290
6197014381813292
2568014307424766
8703013286300452
6463094465998464
3054014110557208
1335014224539434
3096014434453402
3845113959710590
2940014177775928
8568014375782966
2546014336466598
8978014361083438
4685014296155238
2105013350194278
6884094426853874
8789014383361046
3137094402074032
8438014304187532
5127014382616282
4291013866966636
1904014400834890
7891094320168656
6776014398072664
4138014463615004
8689094315883174
9853014392888956
8998013402400506
7699014019801908
3769094454796398
7550094454903526
4305014296331292
2292014187458834
1017014313390854
2864094195234470
15900763730
9750014455524338
6132014435174414
8863094174371394
8012014135576708
6023014431094024
9440014431114944
8716014327390318
1115014452953852
3378014465495752
7996014465307132
18616839737
7130014385950046
5388014127323178
7170014431114916
8454014192537808
1587014083768010
8393014138116564
9955013474068820
4792014459371824
7996094462536018
7571513599591068
6051094420544516
9863014244943540
7031014260806160
2721013400876436
9359014419766414
5631014310817118
6108014097286472
5641094418706140
6708014447679310
2330014116383422
6538014011156902
4319094117832100
2839014036247620
6319014253940462
6586093992987034
2164014389525188
7082014378257922
4299094466770206
4167014456208720
13632871031
7952014430140888
1838014459344874
4232014385491972
6479113353981290
aygfzq
6409094110067218
2702094058977060
4483014342985138
7285014133846248
4115014188424622
6400113990292052
13564311442
15900703223
8869023769779678
1416113899735862
6434094085166152
6183014298846878
7144093951023794
5212014333428200
4443014362884940
1917094017731492
5230094211472706
5536014085456998
5240014466425738
1694014364557998
8402014417101622
9155014465636060
7127014443352348
5506014424000962
6236014277393722
4776014351527552
8054014225681488
7572113780265940
3043014285933584
3697014443837126
9853014349048138
3810014435405766
1205014466291968
7053014237458922
3629094395301288
2891111872723152
4212013635750584
2450094302823554
2909014395644570
6384014412131012
9571014446564002
3975094396450376
9643094357979948
9061014404243870
3012013867474122
2207014296957260
1892014272117842
6354014331860486
4528094466804274
4434014285791668
9496094357535920
3946013588178058
4367111592816724
9688014402790700
2071014452633344
6778014265192984
3569014422221900
7055014225832650
4216014308351436
1996014098468286
2019013742694038
2343014255635188
1686094180080686
5777094323845318
4991014262448850
6781094449618884
7830014380828470
6975014411145496
9725014329143056
4223014237549240
4657014412131010
3346014313391046
5425014418886706
2356014271263408
9521094262566096
3951014334546492
4792014139981668
2324014448438662
7422014463138928
7275014454470468
5815014346243304
3564014345539842
6764014218510304
6034014113804764
1717014426579222
9093014138237352
6975014111429628
4958014353130232
4623014461393654
5623014423258916
7188114106876982
1365094424159094
4556014267588154
6743014249425900
9853112838643842
1349014212419126
3759014454995888
9886013645338392
3902014367919790
6025094293285714
4737014329008950
1462014195039850
4993013829677696
5498014458678732
4290014195216032
9222014341161140
4184014406969910
9815094310439264
9187023720345228
3735094305672166
7430013841684004
6832014098482988
6370013874653388
1966014466346270
7370014435215620
4348094268313194
9654014418993670
6368014446418852
6519014238200652
4712094466822398
5355014078518458
6364014138237350
4691094180961440
9593014455261892
4148014307533040
8250014363782628
3426013874653360
7177013866952210
4288014262395320
5604014357699288
5260014461290624
2512014462012226
2508014013222664
8002094294916118
9988014406824798
2877014431343552
9362014405243926
9998013406742186
1567014398278100
3134014278799104
2816014343679044
9178014399823404
5766014434492710
3163014277214492
5407014333490872
9553014443185258
2628014182100290
4495014296213390
8922014459508786
5578014331657096
6527014146919252
3738014460604240
7482014265346130
5550014454198212
7841113160396958
18638880911
9615014150245894
4923013678874702
5451013735660990
2143014466600648
2735013587500298
6811013823473676
3747014301413004
3260014187227556
6088013886741714
3912013692664180
7415014465886024
6255013866853068
5691014267739946
1683014150243440
6390014382480278
9394112869813444
6593014141451356
8890014447443186
2848014117307678
4108094167909826
8026014387821212
7549014326463570
6175014458780068
5736094435179270
9178014461120302
3428014310043572
9723014382751310
1624014428512018
6380013723059350
3424014328312158
1527014456113674
7322014345585672
8286513795320488
9572094285047084
4850094466830386
5219014466725478
9783014096531176
2133014331657208
3506014211641548
6137014364622936
2832094357360720
3383014448168538
3322014343623790
4223014430232260
5324014361780110
3172094373504082
6494014431094020
9355014454166632
7332014229695428
1360112259869418
1036014430140914
8022014416403888
7105014375575084
6404014446603266
2542014461337042
5851014435477714
5530014406023170
5088014430140906
5339094219918630
7743014118963018
4233014423235840
7663094459131668
6187014099295744
1232014254862854
3242014279842806
8848014142754150
1217014315301564
7718014266766930
4992014466301708
7830013527675590
1278014405941516
7090014277202762
3374014276450186
8868094344738040
9923013685859350
7516094307248426
3444014431736198
8037014265130226
7043113414948462
2873014464702932
4905014295194298
8080013730697096
7299094299678072
9860113660479968
9087014366965278
9866014216743982
8174094264700654
2081094278509382
4355014340153514
8126014329143116
5883014274727134
3307014459424342
3622014398317544
9591014358449170
8498014454400612
3458014099295742
5913014355951842
7676014377521696
5936013184803498
5601014406693166
9643013882384638
7097014307572182
4188513631617850
2259014350535520
4230094191719474
5157094301163450
8288014368820240
9386014019579082
7774014128490616
6024014370699302
4552014361752990
3503014446495254
5466014455924656
2955014466740220
7699013614090716
2589014296967612
6248014361997526
8967094315371708
5479014211641542
9812014419273188
5698014338682880
4858014315992930
5026014357484136
4543013652959878
7878013771866132
5173014369519954
6525014272081464
2205093932285950
5830014315992936
7104094283142824
3276014431738798
8295094175288038
4937013865994766
2305014296967614
3325013692007502
7341013206818306
9479014435215636
2169014163041438
4406014302272714
5069014389632786
6662014334163374
1142014392043284
7180014417289342
5920014467125662
9067014303901196
6828014405945932
6706094349665598
3093014146662336
1068014379893530
5411013867509326
6024094273606338
13978747574
7396014052490498
8966014102742206
3273094037494172
3314014356699924
4439014265346138
4518014259843926
1165023893642526
8956094466062324
1973014393022978
7105094176804836
4442513239099624
8002014467124448
3771014184034260
6722094349665888
7865014374699814
5604014416370868
1057014261702360
4297014460425894
2073013884962056
6992014398041888
6165014429405550
5281014329101804
1575013950273414
9729094466423958
8962014327180072
1426014307727912
2014014146541188
8624014417927290
1337014431738720
2627014285940730
3354014455139558
8006094176987748
9363014449905730
1707013717338160
4083013399823134
3915014364622648
3034014036247508
3830014380823638
4142014369516066
2153014108919450
2387014380906926
6167014361769784
3012014460730436
9488013512297446
1986014289408422
3347014377515068
9005094028813734
7912014321352404
3400014286941168
1561014286883396
5487113786742810
3296014448438662
7896094465351354
2977014391995292
9720014431114898
2532014267588124
4368014301549912
4542094459064752
2053094395380540
4594014380007894
9163014365194088
8436014461250146
3251014036247644
9111094455788904
4249014260655964
2563014326463578
6420014349828862
5241014146919250
7570094270718490
1610014183990210
5739014465659914
1968094346963772
5423014443837126
4414014285798202
5511014098255454
8516112561606628
7020014364622948
2139014464633634
9108014374983792
4118014356580188
4544014454233194
3322014455943580
6030014099295750
5997014429309700
7900014238451350
4095014382614366
9543013398188028
8229014383361032
1109014466592974
2770014171890056
6222014447518886
3376094331695330
4467014398051356
6286013952448532
7618013952448294
5093013853878602
zhoukan
8700014290966338
9227014357484132
9220014169142782
6296014066330428
8539014429309708
1596013665584544
6798094460224730
3268094307293448
2039014460272248
6861013607240642
7889113989295534
1314014465458632
3717013843161344
4049014266958040
5336513700396474
2761014456991588
4585014308194114
6563013817616602
6334014346418740
3155014371270238
3697014077643998
3528014345336642
6771014249482074
5514014312831542
7139094394369714
9103014417036762
2079094237094584
5214014443864072
7676014295676602
5349014450293620
9177013844216018
7331014432281256
6877094466010342
3008014464747810
5986014249482076
1091094421595820
1483014127784912
3389014328936510
3393014461553764
1335094463790632
2717014417187280
6759014055237864
7005014417897832
5211014063628600
5683014186571844
8850094249372486
4579014315356132
7424094308048910
6563014434593816
6413014381674232
1897094115367254
8487014377520868
9407014363451914
8169094253869372
2503013636600548
4423014295394992
7864094086886942
3292014464747810
6489014382614464
7604014382513648
2209014398051352
6150014458095924
9734014374843704
8216014285132264
2715014020527328
5725014265346132
6383014382616286
18717938281
6106014293927644
6882094085823706
2664014380030904
1349014362885088
9379013952448628
4520014401744730
6103014459595384
6564094360128910
5044013398106016
7928014454072924
9020013884150174
7755014345558758
8731014296483658
8939014355708480
6793014465695972
9571014358555368
9045014364622684
6424014235835436
5591014450179216
7738014150340278
7778014198631148
7441094291460798
6420094457594222
4630014423256898
1359014180490614
8054014127753232
9797014449072168
3504014418065086
9941014358575988
8227014415434338
4372094132634238
2918094298466498
9106014314231834
1527014272082568
18665861925
5019094295822602
1595014218494214
8448014334163374
9117014455357282
1620014416370866
3654014398366254
1085014302177878
3193014310840392
7382094358574424
3290014266877258
6124014358468234
7296014341871654
7604014261768306
2428014410444842
15811313380
2021014431093942
13922191303
3874014301502412
1360014434526980
8473014297332204
1797014364480990
1891014338550260
7463014174420656
9182013439767110
7038014466463044
9565094288886140
4774014405945964
3039014405945946
9751014335093348
2169014186571842
8282094367978088
7858014368663140
3215014395669990
5510014322880192
2141014314497860
5000014211606148
2282094463852014
4549014418776412
9844014264982334
5028014361817064
7129014460285306
3559014299571296
5528014119998826
8428014456170520
1237014447518888
3857094390135484
6361014345392056
7348013293557488
9890014398218512
7457013347564796
9869014078518444
7406014113819920
3851014364622704
1703014102649930
3993094254585780
7770014406735364
6660014298118726
7193014460253398
4336014464792340
5250014383360858
1210113360517764
3834014296997950
1943014321267148
7057014395679438
4257014406678890
2873014344701178
3158014464693384
1430014333228488
9320014383361042
7399014364622646
5705014284385766
1085014133871214
2698014358575982
8138014398246422
1306014345539848
2059014271263374
15988543866
9806014260801532
8526014452677954
4934114037096878
9452094009815656
4075014387026584
5921014443185266
7852014356004766
1202014467139286
8394014461269800
3365014305774438
FAdmin
4744014454211786
6602014114703160
1412014446418848
4463014152843256
4979094223231524
2476094421994146
8748014467139366
5736014344718002
3078014325419572
1178014465430382
4082094417256334
1680014066344412
9226014110363378
7613094453159238
6101014355986366
7841014363604704
18685054583
1244014364634924
8861014092197454
4927014401547592
9390014301528670
1892014386227470
7084014266877310
6038014249611388
8144014464693388
1609014133870188
8038014165824924
3869014373973844
3711013751561116
2910014098225674
6991013321897248
2730014350535522
1343014363782608
3534014340293008
9963014381647022
4075014376585318
3285014431156854
3271014128716308
2462014459550190
5250023789711618
9968014196851940
3452014382751310
6310014375782964
7268014332657740
2181014350584144
5328014443834784
2569014019795990
9158014298700860
3485014176998616
13671762580
6631014388670776
7516014406735358
8007014417951486
3497014102794280
5771014171890136
4480014322249442
5839014249635924
2183014267789546
1900014464779514
2184094254449334
2005014459365548
2656014392110646
6651094404742716
6905014368820236
2953014430868280
2941014430926344
4855014454345488
9741013867532014
zhenglikun5
7611014364667976
5917014144155386
9675014165292826
8408014382751316
5689094237487424
1730013710455708
4687014316003932
3614014128716312
9480014364526404
7595014452467652
1270014071759404
2584094190449040
2586113800519514
5154014418766422
3372094435896182
2320014313563724
2152014443022826
13510871219
7647014210737364
6454013462923526
5916014036286158
7858014175955114
4723014382560456
4508093972750306
6438094078559668
9344013820513258
2708094159373128
5943094182741680
9370014462518260
1184014260695074
8668014161643058
6663014462525650
2959013842131958
9003014389471034
1713014365200522
9050113999440004
4796014055040340
7601014314224800
4726014374698144
9036014454182804
7769014394319830
2854014457211196
9143013732515502
13621625656
8734094422102316
4985014358481722
18601658155
4765014220124560
9368014422363246
5390014267790294
7648111730497868
6929094152425840
6734014462545378
9681094291214144
1234014292414402
7412014460481634
3652014363504064
9803094310107000
1337094461336630
3725013736065842
7908014103021272
6936094181709814
7217094462267072
9904113926871994
6543014409764312
5889014432867058
4572014271472980
1795014404248336
9939094447855064
8627094434879354
3839094460761210
5013094073691360
7061014405961514
1636094300713710
7701014401508610
5952014406750460
2978014449182134
5022014132989252
5844014314224808
7264014367979930
xyl002466
6627014288493158
4323014285999256
5004014461459118
5753014183231314
8901094273556978
6132014459556062
7561014011098506
5777014361997528
7291014447489682
9117014461096932
8944014262585616
8216014135371022
5584014304035672
6702014434619172
5318014285143420
7725014356782722
8118014176130044
1060014085442450
9187013353313406
7990014455189886
3665513320061706
3118014340435754
1637094455829022
3570094449330480
2172014102600530
6864014285999256
1329094460403914
6913013456887316
1209014344710904
5252014461237334
6871014128559362
3981014386465894
9343014152874650
3534014380039268
5968014460431196
1312013481509416
4326014316915062
3706013757779242
9551094294926104
7637014429405318
4908014429405316
3748013867540938
7176014358454380
9746014114974954
1999014431026994
15001711739
1110014297167934
2050013407009444
5086014271316778
7745014377374704
4712014255708006
8740014150340270
2994014450013666
9026014405945944
7230014322190154
4840013233296792
2912093963685694
3052094004653700
3278014387821248
1547023785624702
6878094342520520
2474014461550324
6279094424776664
6971014313397918
9921014454657404
7646013423445782
2192013398079230
7012014273817574
6472094239284260
5902014277781372
8729094246592052
1135094189022124
1248013793219944
6566513635470520
2840013348858188
2822094297387048
13901123774
4453094250348600
2049113014249470
1109014217609548
7888014216978014
3276013814863536
majiangw
6996014344748232
7130013866827272
6067014459421002
3437013835681270
13555665586
1312113574654966
6687014430997676
4987014336733260
5262014326463574
7437014460200324
7052013615023022
2190014328343536
1347094274326486
2757014385929090
1823013841607726
1624014127846208
4534094182580304
2856013307798908
8571094456087260
7799014114688620
8583094459156248
9671014424272780
7966014332406188
8875094231853820
4319014405801494
8470014286161460
6488014279687500
4064014365400580
9788014434516238
15606209998
5968094368728560
2727014230440994
5011094105107810
2851014385503026
2981014382751312
6421014461282796
7871094200083872
9259013352528242
3882014422363246
kaiyuwang
4133014162184198
5798014327290094
1831014359224056
6638014407789672
8490014445733922
5194014460722076
5643023780846336
2793094145901232
3334014365710016
3019014429084454
1850014447611250
6843014380064720
7516014462825214
3096094371185562
6567014328180784
6547014019801640
8492094459471922
8106013244370052
6359014450009298
3011013594295300
3329014422263794
5328013718081922
3029014422397744
3418014400977262
1152094301196306
6488014393022970
2580094461927140
2362013359669810
7663014218503324
8102094462546292
8076094456817424
4845014462834406
1251014445746570
3483094322977716
8119094462547770
2094014462836830
6293014323169432
5729212476110908
6951014182805266
6046014429290312
3385094339160434
9298014450335308
1486014187379860
4558094269499110
9902014382559856
13632211623
7011014326547764
7344094396133170
9136014412099518
4301014404104778
9426014462842872
3260014192531312
1333014382513648
4895094315920620
9346014458631238
9635013325976580
4130014110610346
1739014292039994
7842013314530270
1807013443891966
9413014451176512
1160014283646782
3255014154642442
1019014429300732
9467014382666708
6343014331578246
4796094462070630
5762013723018750
3269014393704898
4936014395570504
8441014296990594
2775094241881880
1212013371855856
3086094443547744
5628014295439154
6013014428844592
4977014019801634
1840014418766342
4171014357717456
2560094249257262
1583014166123512
6192094087611702
4539014089132468
7938014322053504
3646094236586786
7644013398214094
4492014290004490
9853014236894858
7510014418093328
9988014344954680
5716094315926158
3785014459815366
6815093937585756
6327014462829416
8751094316701658
4521014343869772
2199014457001030
8411013800800540
9860014107957216
3483094461039726
2738014383421670
5642014253752340
7560014289288930
5849094097965316
1038013204593442
1008014320280622
8574014232609878
8751014363782612
5249014313551362
8359094462570778
4179014374782882
8479094453191620
4123013317981360
8366014454326484
5330014462860040
7753013256657162
9088014326551870
4103014305857662
2515014240103906
6795094286812600
5001014380098614
2953094429248540
2638014453468758
1032014238200654
2985094448884988
7417014459575604
7972094087747404
1817013292578632
5966014461097262
9767513729233370
4476013857173762
6944094297175704
1140014327180370
1690094454992304
1473094461347118
6859014391353098
6680014347041388
5176513643940150
8060094018758676
2201014092236410
9407094271579284
9769094332322868
9461014286738158
8603014259916164
3687014323010222
9149113095477894
2890014320408610
5066014383433196
3305014374843700
8456013866705128
8959014382479386
6379014363468896
9377014331657204
1081013824180142
7664014380023266
6951014357444960
5421014389412384
2072013400822116
7681014416168040
1807014230552860
4955014206381848
3136014377515222
3563094268093416
8606094462592010
6405014370442652
1804014261768290
7166094462253166
5067212614921148
1109014256401376
5628014392229818
2344013559914670
3507094097262254
9295014425040344
1896014107787164
5356014197148006
8850094423250068
1718094460063670
1425014233015332
2541014333498380
1434014411921260
8084014083790234
4827014459440844
3739014462023574
1334094217126950
9930014217778900
7495014431967592
7996014461237632
5902094275206378
jiangyin
7567014387821138
8293014380813664
7156014350811872
6470013771320480
8583014358286970
1641014425113772
6640112282454048
1400014365194536
9515094340919856
3364093948529964
13760399865
1834014447489684
2413013860941362
1276014298924518
7080094428070888
4518014279880972
5441013453832334
7786094149894322
2866014435370370
7078014462899262
3167014373883638
1101014418159676
8557094462587936
5027094081524458
6542014327260262
6888014460696762
8326094310779580
2247014455527428
8601094450728656
7088014374229468
9227094380882156
4849014403033506
2856014404172464
2065013952448440
8053094403804104
4299013640211546
3061094204447590
6646014462905100
8872094462617128
5444014448150166
8630014337137304
4798014459531592
8526093974441392
3290094363489074
1818014349796400
4857014108193884
3529014379947118
8579013437422696
6344094215586392
6944014128004714
6089014417929618
9331014457313612
2208014447518886
6265014116400520
5793014294426900
1204014455434528
1749014404939270
1749014211641546
9598014445973388
8153513753537962
9311014346427110
4846014310044200
7187014351425168
6943014410444848
2115014320267344
5545014368819618
6768014356367676
9347014382483612
5436014297800300
1280014418211162
6522014341221240
3715013788612266
5663094218103648
1683014459023542
13233128881
9744094176578416
5235094252569082
9035094462633926
2834094459273088
9567014177792342
8830014310905268
4761014326463570
3360014253085552
5778014455933112
9529094216308046
9202094407582410
4326013699077020
7825213924043200
3275094003092194
5152014268848370
1528013476887146
3073014451052908
9117094462641874
6323023849336214
6936094314245178
9221014315342202
8604014456348544
4872014460732434
8821013724966712
1529014430881942
4095014156131852
6149094218563062
8585094128375822
3606094338490450
4295094292622016
9774013269660248
6053094263205742
4289094076493536
5210014322053508
9642014162384506
4347014313578876
7339014418766262
9078094329445456
9035014332503646
4440014457918626
5041014461959538
1073094321094508
8588013841716420
4085014377516766
5252014338609598
4769094362346618
9603094455802738
4707014317710756
6790013775782932
3690094271163894
7849013643602930
1497094323497392
3876014350550674
5096014369555954
6435014356580170
5415094261630532
8172094010818854
6330013317117320
8729014310857024
6639094393717894
8720014343623800
1700014363667678
6610014422363246
9089014337651998
8759113756585350
1591014383813368
8795094204404298
13701821537
2763014192577104
8546094323942346
5472014392212800
2633094461929112
2559014296967616
14714302736
3601014452783900
5222014406873148
1033014266877250
6007094438285082
3132013868454184
3919094126939818
3820094322077486
9649014367928718
6662014448294506
5023014320280630
6886014431114914
4428014419919402
9326014418185692
6281094238396428
5287014381750270
2733014410180248
9683013769839026
6226014355925372
4872014368820558
7508094320468500
8060014365356756
8077014406804534
2335013401251894
3155014392885132
8400014413103878
8009014386794730
6964093947812818
7482014458739200
8276014374954950
5754094458483786
2832014169247212
9428014326424132
6185014399817832
6854014297007290
2224014431156846
4649013853878420
4756014434356044
5307113769209610
5625014211036208
3881014366965974
7972013683770032
8852014138211838
4397014456100186
8397014422363248
9813014128657904
8897094294580232
2965094449782034
7715014462993214
3829013291816972
3214014392212818
8686094427151564
9404014450351984
2662023775015540
8436014318588214
7534014379164572
4236094314952786
1359013745360758
7614014454345480
5148013757695360
18240396852
7533112124658920
9787094324876270
9745014392885200
6176014463002788
2316094233673728
5202014223568434
7305013853878838
9916094204277050
5807014383359862
5214014370573006
6346094341968628
2821023898401180
2454014417037106
4560094440272254
6209014341161144
9312014351399160
2882113975979506
8471094307436844
9575094278561806
7410014271061286
3343094461961868
1558014261702378
4127014458514282
5782014430452314
5126014405956926
8621023834548478
6892014390436414
6698013866976716
7554014340153510
6560014434413870
5340094016968894
6601013887407194
9420014297800304
5208014416363630
5112013281505058
7545013560053094
2244094408333226
8697013327217728
9816014421342214
3797112266944940
5605013284454310
3716014456905188
5889013454723328
1690013290222358
2133013281508220
8363014442952488
13472888929
2801014458670704
18270821815
8810014344643810
13777885975
8060014260866010
2962094458770342
1501014315947376
9578094460022978
7170094099704120
1083094462740702
7039013841840104
2544013391471852
9124013513488912
2827112455464548
9697014417173308
3202111807980994
1249014132209382
6399014263216844
3832014399029730
3800094072283982
2262014320490162
5530094342898910
5867013886698088
9395014363617464
4114014053677698
1834094374671278
4555094129258118
7825013517478830
2621014455086002
3711094194272208
4490112445645066
3046014463035620
8311094194963272
1440094161225956
1223094462755520
4136114065438216
5281014457098088
6511014453334760
3419014386020648
5799094461117776
4731014395659374
3069014258558838
8719014283513690
6129013828802942
3260094212996822
4377014357699278
6771014460262594
4470112175332302
3304014273675402
yangruc
7849014217715048
9119014240960182
6459014271173604
6418014371410676
2364094284091446
4296114014877762
1440094381620174
2572014313621868
1065113461525372
7465014452635348
6872014446564006
13801848759
7432014158683504
6674112002595848
8324014446422576
6875014317255238
1973013342240090
8233014461243938
7425013971371082
5102014313391042
1096013715617674
6255014452864658
6866013971371060
3555014369653134
8079014230657980
9517013319511798
5143014415777730
4130094339008916
5038014309039116
5575014434594082
7864014132209390
3128094264087400
4423014452635344
7409014192400514
7053014461102562
4744014316001552
6960094424077486
5916094366005676
1966014310055130
4286014274975466
8865014434627738
7351014363468908
2465014461959328
7622094417386274
3559094406635482
5729014462372262
5890014454458028
5291023892724762
13575993426
1661014463066944
4950014380828882
4677013282794308
6677094417147820
4604112595282228
7491112036220094
6962014286739016
4526013323320872
2755014335093358
8992014456787720
1427014455077658
7614094417385726
8957014094084590
5496014296213394
8233014406719508
5064014452834648
7385094376629632
9883094317799254
9111014344643736
6727013217982670
1014014379173240
8558014266759592
4613094066996298
7949014315257366
1587014460372870
5892014296414164
4680094289141392
5458014350535526
9660013431834728
1994014211642660
5318093914915902
1196014451658458
4270013690177040
6058014434449792
5075094409991034
1023013500593744
3981094069895814
7094014325023050
4216013762966294
6006014109488614
8642014453719282
2809014149202072
9991014410276192
3956094311782602
4628014249579110
8014014170158086
2425094210670214
2086094457864850
8245014373840060
3327014344525502
2667014279007520
2208094449204634
4516013839276410
1900094462800424
zhangchongyi
2126094449201152
8179094405907928
8948014452466316
3976094240738004
5357094451413950
8575094187822146
2523014251175154
2030014448582148
3664014418042178
3762014310959424
8200014303919826
9514014327416108
9244014368668134
3482094396444888
4990014156299782
5498014458071666
9772014399029812
6641014463124034
1473094233611394
1127014395514522
9353094378801006
7495014361954828
8616014144155370
3955094185119528
7835094462517512
13867446233
9311094448130108
5357013310193628
6974094292536806
4819014463132248
4460014463132392
2362014253138378
4629094091517150
2716093922131604
7824094066472584
7446094448069346
9005013728057102
2648094462843790
1187094326640812
5984094142361440
13538155300
9225013866736660
5064014362781378
5152014360137154
4906014298898278
9930094329675804
8512014109234018
6622094238418706
9732094312190038
3964014341008414
1143014452762602
4069094427425956
6902014331690758
6646094421936756
1891014371666920
4881094450503398
13918446126
5412014412131012
6875094163707912
9438014362681808
8331094038722314
3386014187269086
1912014371245228
3151014315281588
4211094421052786
18925288810
7550094453156860
9209013782366898
2870014387627900
8884014410376518
8275014019801650
8451014454381494
9936014446710002
2862094145518646
7236014211641544
2466014463140830
7699094173594310
1435014404939272
4969014417257636
2144014369728914
8440094161919506
7332094340756960
1687014453623280
2239013387572866
3881013723060370
7965014431738764
9874014463171920
6920112454298056
6178094310692186
1777094439453816
6301014460586506
9661014099368444
9690094403367880
7817014462211460
2600014460593682
2974014340293004
7435014176139416
3883113041181656
5759094389859842
2966094418816768
6490014382652892
8913093940790490
9928013661263298
4230014411928614
9134094362757948
4044014308346856
9449014462436914
2225014456104380
2132114135517104
3848014453315026
9467014239269102
8414094446498020
3106094462898434
9847094287588240
3378094293182868
7790013400194504
7472014341002192
6709094399522034
4121014266742174
5554014357718358
8180014453591870
1176013704786456
7228013837454858
3590094300570148
2626094430929740
2823094387636564
4313094385613064
6895014431795890
9126094302270590
9628094434105978
7294014410356752
8100014139938938
6037013443159626
3941014095775528
1384094462772990
6511014462926018
7483014456209828
7859014273140918
8378014396771836
6701094452521848
4243093940963168
3249094462912800
3254094462913164
2159094460079672
6024014359307702
8750013215233664
1395014398246428
2416014364622950
1551094434949216
2073023721416742
7853014322218962
8776014292915444
1583013738438586
6834094346098964
3248013621426410
9287113978123242
1273093994483064
6459014376693466
3470014358330142
3761014454309432
5175094309612550
5571014361723132
3388094462924556
5012094429969598
4426014345551602
6842014209727620
1422014393880782
9088094149257900
1972094340174406
4959014459598908
4328094195677176
4308094262121372
3433014374730626
6141014232109162
7254014457725428
9576014339221822
5182014186571848
3487094462933538
6990014462910602
5157094193075378
7119014410982026
6604112627275874
1891094462800146
8276014313370734
2978094183524752
3645014315132258
5900093987420672
7262094175266460
2309014463225592
4203094235683656
3397014102599904
5238094454270380
1314014443834786
2480094456463652
9715094291574034
8948014463228156
4659094461709926
3531014373144960
5651014357717092
3059094461027704
6101014314450890
3587094462941822
3406094448311046
3700094307143052
2308014461375590
9365014351364542
6432014252952256
8315014304126440
1977094352459418
5529094300955404
1944013325875690
9982014313523038
2562014273893100
1326014382560008
8127094461236566
2207014460253398
9368014453468338
2494014406873148
6403094462162536
1385014455036732
1444014463242346
8984014460543866
7691113073761768
9329014429996444
6726014376578588
1216014260656068
4963014463246456
1822014373842376
2014094403378108
9536094321313298
1653014181328930
9700013203675270
18605103999
3730014327390316
8636014374983798
7985013282379182
7943094333363712
3486094462933520
5117014317057524
1543014458746454
8527094317054048
3544013940191018
3844094462963524
3857094462964442
9967112418945004
1772513735599764
7536014371565986
18600192886
5524014085405670
7171014096538116
5562014362000994
4245014300683538
5195014192537818
1410023881200314
4681014116640436
2706014290334328
2753013553029480
8391014357699278
2839014449433878
2086014426061930
8015013642168382
3214014213293054
1652094330686442
7150094454890238
4071013183828070
2067112879265650
5674094442254464
9411094333982186
4319094177073494
5750014310785348
2576014343623688
5956014399123688
1426094364384742
jufeng
8910014452753634
4168014055040342
1288014255747102
7118014092255476
5937014461269882
18923738325
1812113734668648
4091014146812350
9482013958251776
9848013471163792
4087094462984410
3598094462942588
9337013262730798
1535094066141344
2956013486274324
5055014406735328
7648013838794326
1782093965688224
8287113336258378
1536013689552026
2668013760967918
2186513814430494
2057014208300166
9591014303282518
4179094462990920
1705094399805804
6839014446418852
6789014447677262
8304013593699472
4960094284766412
wy8228
5085013208047654
1677014213173890
5152094194059624
2344014428411006
9762094273563756
9259014431738740
9098014218546252
6735014461590436
3090094385734762
1237013782619096
qianzhan
1110094278788400
3572014376714328
8852014285294242
8207014298005514
3304094411123898
6704014457660330
3153112557345406
3631094341072426
7436014463287102
6007014423168216
6012014462359854
6668014458519508
6963113660292260
2544014271316774
4352014219226508
7928094269578680
2625094198055336
8862013376739668
4385013713591264
13910718666
9261014089756156
6354013790213724
9262014463293182
8435014169142796
5256094084132974
2314094451797994
3304014362000990
1740112511972428
4762014351522322
9098014278853524
7754013781266414
4232094462995394
5619013917725292
3075094363314288
9484094459508308
9887014463298086
9032014260655998
8759014462385700
7367014447413254
9353014448398476
3657112858449500
2788093971820984
3635094134289176
8234014332657458
1303014461349720
9470014455081868
7015094409389492
5130513243047490
2274094461004288
13918060463
2414014327710588
4799094099274540
2862014236901586
7429014418347762
6297014431078686
1425094371361272
9336014373902282
4491013697067760
1075013800828712
6707014458930540
3789014334507602
4548014206464552
6322014036247482
2153014377514654
2457094421327742
5676094120869356
8372114130291416
8367094222869400
4197014409533500
4472111418349530
2377014461952636
1401094301137748
3490014237548972
4028113986413606
4335014395612242
7867014218494210
4868014095758402
4091014463318428
6050014382560254
8877094038783572
3779014446422572
9568014452979268
3671014315152578
4385014182100298
1768014186387224
1348014393023278
1981094256050100
4985093961907988
3739014461097260
3529014367928880
3499014316182562
1136094446578776
6994094323530318
8367023891779230
4707094463037924
3487014117255100
7671014358286960
8796094361233662
9098014463256148
1013094392580220
1571014431055120
9904014280568666
6626094452516670
4647014400152234
8806014231505486
2440014266779202
6758014303007144
9844014357424292
6652094379741566
1480013751152276
3056113531407326
7154014410984686
4813014427451388
9765014175408008
5310093929564524
2161014448445840
9840014127846200
4627094128614116
7901094287180488
6066014337236614
3274014151823924
9949014047764684
7999094110116138
2184014398897326
6116014463341856
6037014365453230
5013014411467732
3024014329101806
3234014103478322
5329094320931526
9016014328192760
1838014434627734
5231094085479760
4766014223771400
6912014370403754
6333014260844560
3981013673781358
4922014211461682
9561014386394296
8641094294352690
9882014158085548
8690014460770624
1558014380828472
8462094411553386
5236014105177398
8268014456172132
6722094263842578
8881014308386552
2831093901828156
1581014267588026
1779014343623488
6053014399029102
8457014319593078
6333014260844460
1841014398897320
9363014449904730
9886013644338392
7873014104244844
3193014322880194
7187014341424168
9220013614399642
9089014337641998
4848413767364762
9647014370809710
4222014361877182
13488823399
6276014348276922
7379014412099416
7620014344942782
8630014340210310
3264111607014738
6343094248732110
4669014083742024
8446094323942346
1474094460409134
8806014117307676
9346013407073990
4102094162077432
3022014237342736
7214014332476268
3779014446422472
3467014344710908
6047023722069008
1867014297974260
7797094436343630
9313014144032492
7176014417101620
4942014406740460
3417014417101624
13693343943
1088094332640492
6239014446104388
3293014430140912
4941094440406282
3094014272082868
7819094449047414
6494014087103920
4844014424984448
5126014365333284
8954094383112204
1141014381887714
3920014146662132
3095014272082868
4434112862403142
8614014423129894
8225014460784288
1145014339306592
4601094340194844
2112014327180374
3065094460498602
9020094143943914
4459014455189968
2590094455013200
2664014346464096
5006014366543532
1960094458706782
8092014198631146
2515094267450638
6366014429431390
7751014364697568
8784013514330284
1797094180531766
2947014342418272
6034014159704676
4725014223648414
9549094182082630
4549094303527698
3686094304645962
6139014350522654
6564014322875860
2265094380970064
1429094358091294
8444014312950532
5842014459091506
3946014460805844
3159094126877488
1418014322252812
5949112982413232
13693353953
4489014399771302
8851112879156218
9722013792236416
9878014355952772
7484014333299782
7109014272082860
1908094422367910
8663014430304594
1090094234660024
8357013354158800
3692014314692290
6211014382188222
8117014098482994
8468094361223658
1129014309978710
5287014304133884
6059094345503000
2914113157049698
7771513642074894
lvgen
2491094043846422
3280094460545270
2179014460636222
9326014307740968
3889114111681328
4071013722529458
4934094324794212
6544014460839838
8680113459899400
4248014265279926
1439094225310886
4133111815711270
4127014412131014
5794013853649800
4957014278188884
1601094291338874
9485014416401688
7533094273618636
7002014225493714
3366094460577980
6539014369555958
8714014334683908
8145014418096158
6166014443022824
1920014359307716
6088014357425260
5998014443244644
3264094301812026
9165094400732306
4298014456314036
3003014398887044
6579014460450640
3536014267622198
1157014379947158
4042094097912952
1885094024540216
3992014152843258
5778014152843258
5401014086260014
8357014386995558
9732014087029346
1002014320273594
5242013841114842
6971014316001554
4787014266128224
8529014373829302
4192014405196742
4578014198631146
3914014452636744
7172094070551344
1395014453655218
6389014461096932
2102094460999212
2813014048111840
7926014418186100
4995013926476732
5059014418041484
6453014381895512
6170014447269900
7117014455070380
4063014083756262
5583013829724064
3495014385998072
5792014459566740
5199013780201450
4650014369967302
3486094460675606
8191014011094502
2209113070167754
8092014054375840
5969094369153818
4627094408914244
3667014431156846
3927014416313482
3162094165891102
1599014339714378
6788094274184192
8200014288542656
6104094336574208
6583094337692084
4187014179967936
8165014092309128
3940094449810204
4046013853878836
6143013399845030
1572014422263794
1652014322245860
1925014297167926
2474014395659372
8512013477658804
7912094084229416
3625094460726972
1333014394612716
7139014453492266
3520014359200898
6527094253082896
6132013473224284
2979014329143248
2423014342704024
13901175654
5765014344561408
3049212762827762
4972014406107712
1313094295327946
zhaohanjun
6000014289408424
6532014266983316
6612013721471506
4379014428422972
6995094367677616
8640014285890344
8949014334163370
7064014395612244
9157094316141068
6266014298726476
7635112779143278
3456094170932936
5270014268854900
13564752479
7094094085187934
7639014460693122
3725014078518464
2851094054261908
1641014302337776
4739094284109314
2275094348953094
6044014271891552
9014014363782648
8528014394757634
3185014336678920
8886094447802560
3916111814760394
5878094341781576
6097112814302718
9812013866932734
2372014180564764
7236014212644290
1525014386940248
1324014375782194
9426014412131010
8439014431114948
1893014423258916
2460014118151538
3833014383361044
6965013646449804
9106014406734438
5752094300315172
6114014431736182
9133014460240996
4870014069059440
7972014446559620
3877094460764432
4954014394877856
5120014334533920
5055094453380806
3895014035320176
6054014352373316
5837014449120614
7317014418041482
5062014389446276
8333014185980324
1159013670360802
5005094074738590
4001013189871142
2670112527051484
5783014423155256
2196014313522958
2188014260656068
9105014343913398
4652094432355042
7064014217715040
9858014392043284
1638014322342698
9727094459196028
6192014151221386
2159013638444918
3947013693071888
3356014173401306
3972094460773144
4202014376693460
9634014370545766
9111014315231972
3530014139758636
2450013696051342
9336014095539338
5870113018249764
5231014291408076
9391014298898272
8953014320437902
4262013874569330
8489014262395326
7491014285113730
8875014455017060
7250013685854656
6402014335221356
2732014266766938
8843014103619316
1620014036247494
4641014435215616
1795014220211088
6208014119967018
3571014457000348
2654013653185014
4618014118327188
6206212797112460
9558014363712532
8901014364622642
6623014250455186
8646014113839940
2202014455130106
9441014381698604
8181014382666706
2269094287902632
8377014450800436
5170013853878512
2419013365249764
7170014261756038
4822014308425576
4148014364622674
4979094431035586
8727014331745450
8258014165644578
9634014418041498
1085014426680944
3965014447518886
2342014356699920
5047014266877258
6719014395685042
4393014405945954
5028014423155256
6951013473497074
9912014326558612
8997013957916184
2054014249611386
4111014446418856
3643013419281330
2526014458946974
9963094323813634
7705013751629988
7281014455259312
7142014364634926
9428014401508610
13482749839
1816014298700970
7500013582954416
4913014182195504
9536014283439200
7977014404302774
3641013441608084
6466014386825404
3298014146810160
2795014267970694
7765014331492052
2261014382616840
2087014376441592
4946014452528286
3773014083826980
9275014271179882
4472094459902682
2919014346257172
3387014274647922
3646014048305696
4695094033620244
7559094377990966
2120014357699272
1558014292655026
4706014343623800
3272014377516346
7532013952448496
1542014301412878
5514014266983330
5828013843989202
1022014369555966
8135014417042594
9182014080301196
8591014346418748
5660014278943066
3520014237753514
6276014358276922
4038014447481292
4162014229742708
3527094183943378
9686094373696064
7211094284546796
9831014382616882
3099014019795970
7709014296076206
5822014460253192
1180014371382966
3549014337614270
9459094316645878
1950014455036730
2503014340293008
7454014416218072
4204094460788476
8580013853878774
1370014399123616
4991014188308742
4503014198581572
9110014311790954
4335014434593818
1144014310995672
5058094171455860
9713014296152954
9980014309039388
1870094179271142
5403014322198508
1133094332995606
8149014327209418
8465013688431732
1839014253962648
6791014109488610
1439014452635898
2338014369555952
6346014259916162
3524014381696252
3492014387025424
7455014418186100
3896013855506872
6849014314231834
1454014434367644
7965094389502120
8262014452469544
4952014407835454
7799014458733062
1994094460073718
7518014266760502
1867014273847878
9366014386019404
3929014315132250
9777014266936426
9116094118219860
9029014393022972
9897014290097746
5535014448435168
4688014431114924
2908094453903540
7233014448392844
4871014180336966
7555014363782610
2792014459578262
1551014358324938
2069014266318370
4245113577573914
2376013841648712
3710014271061286
7177112974218168
2288014382614468
7754014296213392
1036014374051500
4314014313390746
13916465250
4956094296002076
3463013902326558
3293014294413782
8724094059040658
7114094394289524
3145014455368862
8779014127874366
7859093987505246
5831014298700976
3504014423326270
8284014301412872
6092014205451676
2138014398048358
1032094173956888
8679014389676690
5382014207316298
3285014073212042
3044094352854066
7901014266758816
2880014381895514
6153112567243412
4129014365194536
7711094359015230
3116014443245344
5538014455269590
5963013817340048
15992859922
9012014377518012
7367014316919302
3476014285989518
4035014410278656
3326014418327230
7569014460390964
8372014187269080
8886014368863030
3172014355756822
1943013701771326
5368014295288820
1932014298807410
2330014392265776
3425014110363372
6911013712776184
2271014452390534
8263014429300730
8359014394612712
3990094271040812
7829014229547816
4457014351448128
6283014248776830
1457094313941404
2991014352233604
4919014387026582
3553014133870184
7515014280550964
9094 14295455974
5885014365194530
1739014175437224
6121014326373900
9034014377519820
5057014352406624
9510013805006130
4440014267789548
5350014309918384
6310014231580700
9697014452483628
7934094294173030
2198014401547594
5715013787986386
6367014389601028
7632014444118856
2264014320280626
5355014296098604
9693014341161146
9320013941126536
1184014448311064
7207014284175622
8311014321269822
5403014087029342
15810268959
8140014320275744
5292094393664530
9847013294827886
6900014186426744
4147014358454232
6498014431055110
2815014460030786
9712014374698148
8250014401744736
7202094323042754
8781014164820592
4145013654761450
4304014087029358
5007014237549240
7551014446563986
4959014297938902
6072014460372878
3730094370196482
5169014327545294
6415014267588190
1648013190245936
6427014096705798
9127014340346804
3483014332410166
7870014315258244
7043014345346552
2596014422363242
8844014431055120
1731094157502750
1876014290245776
2996014405800140
3651013745413438
5572014261702378
3875014443864450
4194014337691436
5569014352469012
9287014453462018
3693014443095350
6551014385998110
7133094380863414
4407094338601904
3685014177912020
4470014290966340
7348014361693136
8761014431878056
2518014266983316
6432014339327990
4649014159614588
3912014418186102
3921112050005544
6377014341044034
9196094411556812
2956014447277778
5160014310817106
4486014449301978
6431014280980920
8693014356580174
3098014460121292
5300094021966010
6167014364622932
2217014394567312
4728014156302346
7972014398072678
7016014322849098
9891014250474622
4392014399108416
7653014356587452
1641014357570384
8268014273817564
8328014331735232
3431013841923734
2059094456414966
3634014331774950
7191014328268100
7034014152843254
8133014364622674
8138014411211072
5790014405243936
2333014419766418
9652014423075394
2483094271598098
9440094203448494
5444014305654984
5087014382636688
1082094265756514
2531094204301912
6890014430285500
7023014371497148
3440014322207786
6057014304126442
7133014301528672
8399014114767174
7776014235056838
4520014430151242
2876014430285500
2538014364634938
7726014162239984
6506014279886076
5400094459939478
2657094217164332
5698014374843568
5582014334951320
7477013506432042
8072014346243294
2164014341033240
1419014363782626
6031094399899354
6850014361909538
4248014380822870
8049014455069036
4002014356820662
7086014443993528
5721014406735338
2806014356786034
5030014418041486
6640094194932098
3556094336702628
6379014265099020
2683014271172966
9600014382483244
7223014446645066
8475094224935874
6079014256405354
5543014406735350
15026653834
1383014446418856
3849014407775072
4881014392019030
7532094417380540
6211014456795484
1115014430165328
7002013831010296
5064014102723552
7231094316070248
7792014071482140
7360113951555082
7670014412131016
2131014417101622
5443094338309244
6264014450148164
2416014353130236
6361014214225002
4532014261768296
2717014452636734
5925093903970690
8216014288527084
6772014380781186
3732014391995294
3221014272100378
1382312823134824
5788014326402716
1766014138087002
5013014446556890
1993014417308748
2570112507128786
6713014394631958
9634014357596490
9464014358315188
5377014387702562
6733112695252122
8395014370402400
7292014109488614
7253014357484140
9113014412131018
2518014321083188
4179093972724304
9408094329451858
4683094460807466
8069094397406720
4787094233866074
1948014259077282
6828014431738774
13608351833
2851014285988922
2202014099295752
15902160811
5590112076628564
2837013751441958
4015094303603924
7630013690162324
1866014398246428
6550094286013484
1622094411109316
5348014406735340
7541014389417548
4167014265280016
5618014048230236
1253014452692050
2167094256950670
7466014382751318
7847014454231178
1065014410444930
7316094217984778
7319014364331468
6643013407777408
5044014275646914
9047013932324430
6324014392019032
7489014453536068
2433094379590394
5636013886661362
7456094139917992
9855014272083066
9253013787751868
4661014322263984
3857014352256416
9066014456123244
9741014350522644
1292013189004776
1111014218374290
9173094458638830
2453014147524002
9668014460348870
5753014383622552
8433014315102734
8071014331633464
6168014357621052
7038014431790496
1825013817979772
5170014452636746
4674014460237044
6776014259843920
1216094434141310
4395014452467648
8699014362814024
2244014322190150
3391014429435870
8961014313658608
1394014289287818
8207013811468366
2990014279871842
6907014449923288
5522014337614270
6752014307510540
1142013449528050
2630014319831880
8488094452611506
3471014316118610
8238014393783926
7567014114800072
4029014198522760
4582014446418852
6252014446645068
5294014416403890
1308014377516322
1115014314450896
5116014393722510
3999014335259866
5033014271184802
8330014454183690
6669014405076738
4521014370679974
13761523905
4337014133870184
9242014296152954
4069014357445034
5656014344525574
8642094334078728
9666014425813224
2470014374988492
5287014393949764
6752094271183916
7980014317001514
7087014335093280
1010014443002636
6728014251323614
9226014228737130
6521014406824812
7880014376510708
4467094175204028
9295014272123042
3737113176630566
4669014083752024
6483014368864748
6360013928885282
1253014456104386
6821014071514210
2082014283483832
2197014355708480
1448014383360930
4391013952448464
1281014364331486
8515014418901350
9653014428562024
7897094187813914
8846014266757612
4016014260866014
8972014337849500
7608014309918380
1842014431738772
5457014307541652
9216014388518900
6579014416403896
1249014398106472
8324014267615996
5551014128455920
8406014355842422
7668094092916440
9969013419866342
2844014370461980
4120014406734436
1654014418186104
4204094307941042
9495014218390944
2134014271936546
5255014273817572
4039014275814278
3348094365115598
7263093938962384
5897014278983146
8898094203794180
5308014375782196
3735013584271922
7880014164050094
1885014315233000
4445014180336890
6649014288726522
1191014144229338
6550014322133082
7671094395234232
5900014296990596
3443014454470928
7369014359307694
6851014362103480
1420014307533046
4915094460813460
1655014198539936
4617014327386532
15616245812
1637014449923282
5529014417108834
2570014035370462
5868014078655226
8827014404369904
13774463051
5401014193576530
4698014452598016
8825014410197056
guolili
5951111789166450
1686014250595908
7639014271172962
4546013769810684
5255094266356470
2123014198751674
1585014212418552
7587513234261554
5248014152843252
4702014134542628
7359094294911428
6232014446656780
7270114035436940
1905014387702490
9296014292039992
1954014387821254
4908014357718676
2132014212422290
2088014430230410
4168014287756370
7088014385927376
2056014429996444
9919014431737426
4966014375514802
1868013866702666
9240094448127376
9876014382481258
9607513676197230
3206112052736786
5981014374699824
3352013832661924
4952013971371074
2998014164960788
1175094288115810
9036014398218736
8044014370572932
9969013845977906
2114014388700964
1051014418855216
9220013615399642
8747014096521654
5392014419834602
7815014356760498
6239014456104388
6855014392019034
8855014373973848
4605014377477926
9647014322263986
2701014452636588
6966014138183784
7337014292073674
3555013867548310
5523014452679194
4242014453347400
3701014346186552
3866112595308750
1771014011092314
7230013628895702
1148014449877822
1649014388635814
2465013945333824
8719094392001312
8988014345638036
5813014280496208
2551014080075722
2060014428411004
6169014418186106
8091013268486320
8030014460375724
3236094348018710
3875014138907874
6881014456703494
3477013866843920
6319014428412876
9221014254987194
6885014398278024
3039014280742346
1341014371466490
3726014431156858
9896014454457844
6763014377515186
1366014429405554
5330014388596662
3219014195039862
7662014404108170
18317056606
6809014321269822
2706113502111934
8676014430285500
3470014304084932
8142094214743852
9541094317797072
6628014430932952
3905014261835470
8300014280524904
2766094420482782
3005014335124622
4511013971371074
7163014146812342
6784014343679754
6917014431738782
8495014431738768
8933014350535632
1775014374983786
1953094452915880
1130014406735314
5363014362885088
2631014344698562
6657111835126502
3899014208000108
9310094315158908
8204014461096698
4897014195154614
6540014309931582
1123094327727354
2485014411140052
4614014205452746
6038014367979920
3126014353171866
7843094345333704
4458014284175528
1929014303919826
2054013867536024
5988014135371022
3040014418041512
7799094459985280
4202014444316822
8481094458610086
8640014386799400
8581014168258392
7562094459432612
6168014382743518
3106014362885080
1279094318341042
1035014357425132
5990014459418776
3425014297965434
6180013674186592
6169014377515126
9695094366030216
7442014310043572
2793014410357032
3801014356760490
2913094328838192
4681014382481894
3246013723852706
2856513689998624
xicui
5641014399948946
5490094454835248
4146094044933960
6038014376437172
2759094301804984
9747014333268444
4956094455108138
3955014062778522
3180014156344480
7463014434492716
1908014073241508
4120014411298036
4862014368819682
4498014400758336
8118013236187290
2243094229263484
1844014277336132
5306094427509700
9126014377520668
6703014461108584
7151014358422158
3398014107732228
8816014434516238
9748014351522324
6370014304042970
2145014298118720
5736013395364806
5717014285925116
3132014417101626
4440014382614480
6010014382026224
8544014364622680
2620014405243922
7046014266759250
3026014382614490
1753014335093358
5252014331508552
1910014095925708
9040014368878682
2792014292860708
4279014358324932
1890014363782636
8222013953963606
5101094183753738
6197094113598512
1441014458513150
1788014135409842
1705014334163374
6047014458510040
6352014398888252
1589014259916086
5107013412835260
4614014446564002
5870014455295616
3562513623892454
5132014357699270
5185014430997676
7924014207316286
7589014192533112
2106014180186612
6570014308393114
7905014377516116
5934014436046946
3125014207316290
7516014460747088
6553014460636072
5418014453462702
9484094235528998
8822014188966768
8611014367855756
6673094365898980
6960014368820276
2998014345336644
1659014443993526
9405014103020852
8791014313390846
7419094326569898
6953014318980398
9781014405945944
2351014369784750
8673014455111588
5129014314450894
6994014316961680
6031014392084708
1485014431738746
8087014327543318
7670013741076212
5076014382614472
4850014448171674
7269014461110780
8972014325709480
9849014382614398
6499014449869184
6550013697023036
2617014430165328
5354014460496944
9282014369580604
8419014417042596
6607014214058686
3605014365353068
1211014314297960
2273014391977782
5594014133890730
4702014368820272
8522094079881428
5166013482044238
3544014452637926
5838014446418858
1581014374262034
5471014339401762
6679014389446352
7409014420418056
1994014357444966
1375014407139840
4391014331657202
7511014357444964
1734014152843254
4649014098520674
3728014263402248
6010014443185258
6980014346355854
6723014132172164
1816014332529412
13928731669
8051094255750512
9153014260225224
5435014448207090
8516014322190168
1713014078599304
6712014452494096
8484014346243300
4451014407835458
7679014297874304
6797014388551302
4761013857314188
7987014455270144
7223014406735336
9139014290169854
1108093955777992
7249013239984846
5141013722989052
7422014138116560
1129013786323410
8892014108813892
7924014364622936
7091014343623682
3732014225365786
2866013740256168
5833014460092586
8415014368820550
1245513351355526
4087014144196876
5236014431738760
6685014296990598
4240014431055118
5563014374886080
1465513237002402
9379014340153406
3341014411206838
1592013316138866
13826951125
9330094177006606
6769014430069692
1495014417961506
8514113776890418
3176014447412726
flaygerz
7247094189876468
7012014254879494
1093014322133088
3574014267734594
1008094460391272
3968014430140884
2120013195287258
4477014327180072
13764403138
3816014370461984
1521014356786038
8490014423326270
9787014387675134
1370014364331470
2868513667088250
2467014417961500
5059014414 41484
4215113352686542
3110013692076728
9802014113770420
9497014431026996
1898014271172968
4282014458739208
2068014206250114
1035014428562012
9502014364622954
8374014353126522
2317094254728400
8049014345539848
6639094116522460
5433014364622900
6411014217585222
9311014363782616
8776094422846682
2494014365453240
7534014359200896
5010014386018746
5368014370599580
6829013336785204
3441014365245192
4661014376424902
8083014357445034
8919014334163374
6119014405961518
5838014424809880
1895014377515850
3294014460514582
8230014337119272
3169014382485588
3066094211137860
9280014454198218
8877014395475252
7888014329974612
1921014404108170
3992014334250634
4424014328906692
2617094359840540
6826013814046498
9454014362814026
6258013866394754
4711014147524000
3482014436264788
9948014254862854
5651014449923282
4696014150340282
7533014386843564
3073014401477682
1908014368961684
2445014152800088
1652094307055868
6149014431156836
4464014386194734
8901094460007152
7617014266758812
2520014370002088
8566014452467650
4405014301528664
2709014446645068
8224014113833896
2524014428561984
7136014139924620
9408014337650758
1243014020527300
9266014338609596
9796014405079714
4381014207316294
9507014265192980
6775014170978102
2687014364634924
9435014449155536
6477013868444892
6798014431738774
8610014099114340
7026014328955408
1753094455588016
7557094458277654
1644014320267346
2873014430192878
9519113878969102
5349014449905730
2922014386794808
4887014364622648
3119014301528672
1057014356699922
9244014168377146
1969013867531222
5344014019801894
1398014412131018
9904013865840140
4361014285135628
8436014352524528
7416014170967028
6057014096515634
3151014108814640
3806014452706862
2606094282325156
2058014460372878
4795014341033124
6852014357427582
5973014434593804
7298014416325440
5743014443248464
5212014249628816
1652094033248730
6736013952448438
9685094328185410
4451014434492718
9553014132993310
2093014234972618
1102014357425262
6318014296256552
2523014338805680
9588014334308792
4140014274575786
8411014127630666
6458014377291472
3757014425706362
8110094261673488
5286014446418888
7210113328503004
7356094234593824
4993014364622664
7090014382483612
7672014431738780
7637014322998824
9243014345360814
2650014103698932
3024094398577662
6652014460403536
6065014460396212
6609014404145134
7424014364622696
1761014386111176
1726014114867094
7352093980618328
3239094292699402
1058014406735350
8916013835875800
3880014431093986
2473113738288476
9453014423155250
7032014048305698
2189014380829066
7984014095775526
2744014335321674
7865014364622702
4475014368787888
1727014394631954
3161114092478574
1252094000511136
5370014417301670
8416014248826552
4052014369493028
2534094460455524
4323014424999898
3233014346192658
4646094326373202
2384014340346800
3472094284673468
4691014139924628
Indicate
5649014363782622
4941014412131014
5050014416371146
2968014279044856
3565014449007068
8738014417961500
2592014388777214
3642014364622960
4210094424748696
9025014386165354
5493014356580172
4389014376459332
6109014364622708
8245014128490602
1105014417036760
1624014423262512
7623014099142948
6750014389372678
4058094455059784
5295014364331484
4207014356580172
5933014138985826
6002014158693180
1363013734081416
3244014265219140
9703014111429628
4097014331578032
6983014327258616
7378014429156232
5642014096705792
9090014132147694
4491014453511332
5271094345567436
7931014322998146
2842014368663154
3139094455635704
2326013450149352
9444014284175522
4597014392019036
13774225279
9514014066649338
2251014458559968
1080014382616588
7746014135409840
9043014347245650
7095014078655242
UserData
4901014345339052
4662013734572548
7339014083112208
5685014085424270
7427112948702408
9066014418766264
7328014356699922
4624014417062096
7040014289506780
7252014138087004
9051014453462488
2392014310832044
1088094332650492
6255014453309880
2554014298846452
6111014417931100
3324094251362880
8620014370407014
5427014428799032
6945014447288134
2593014214058684
8189013952448488
3499094265029000
5058014285112142
1956014343734640
3818014456026858
7486014177912964
1315013853878672
5261013780220732
gushi001
9455014410444846
6559014393023040
6278014264455066
2715094454774232
8125014377515040
7479014460271374
4054014375781286
3713014362814026
9203094213863494
6067014428561982
4893014431979488
7453014404369914
1028014405874896
7147014461108158
6375094456719992
5325014431078686
1920014159614588
2175113800599464
9739094089636878
7788014346243292
3073094415907254
7033014267752500
9482014254612944
3093013645197920
8952014429995120
4001094277240438
9095014295455974
2500014410181492
2411094453890666
2125014364331482
5367014452467642
9924014406669964
9522014316163910
7816014309190824
7084094279706476
1675014400775980
8042094198208278
9299014367979326
2405014130388606
5453014368045768
7382014322218962
8676113962586830
8435014361737896
8044014356818322
9001513835578068
3980014111609260
4838013866813158
1446014373863460
9685014184035904
8443014331745458
3089014394612716
7063093964848918
4243013553712134
9016513323410086
5381014326463588
2735014369583686
9018014351438334
4437014398051350
2069014150242110
2205014210768524
5251014343926280
5259014132850324
5829013820218942
9440013853878534
8362014410124036
8362014314593144
3565014368820264
6051014343623792
4780014211722986
8193014297965804
9513013662620690
5884014424818360
9710014382614486
5170014416168046
4166013625747890
4032014406678886
6048014405957894
4561014139725820
7647014280568664
6992014296213794
8605013851729046
8836014307507250
7757014266034298
7058094392055426
2165014358422154
8476014285925102
1638014406933686
3715014290966330
5747014398166534
3560013468957844
4714014417289088
7717014253338588
3162014358454382
6237014434492718
6782014406735334
5339014138211832
3034014326463576
3132013352327600
3134014387698982
8154014358467788
8369094339236530
4544014351526916
3268513910249752
7766094332096850
6391014127795578
2168014410984682
7002013337201448
8277014398108282
4415013867525704
13685129985
13557570459
3514014164077666
4196014418186108
5600014419051958
8320014374863718
8493014417962966
13601719394
2003014253119340
4629014400757222
3618094189777852
8180014381895514
2444014386843162
9775013758516748
9830014460225272
1272014234132200
2256113980270842
6048014327409862
8692014429295962
3260014151868496
3430014361997532
5898014253932360
3686513589864448
9491014431736204
3441094458182128
8946014272917200
9331014331557390
2284014430881938
9968014430926346
1479014356580172
4010014355924174
1748014377516074
4296014399029100
9852014460473608
9842014165629372
zhangqing
1088014285143420
3152014398246420
4131014418096148
3407014428422972
2982014422462994
3069014340153510
6493014341161144
9128014395642144
5668014350522644
4859014086199914
4340014350660920
5277014375817190
5472014321286014
6790014364634918
5935014364622674
1259014453525142
3789014398942752
5483014431026998
1537014430140910
1910013349982592
7452014382560458
6283014254612948
1214014454490988
2685014406824792
9570014128629478
9382014326372360
2829014086260018
2695014448441190
6682014431114948
8151014367785472
4110014405835862
6402014364502556
7506014011092020
6636014398888254
4722014345315944
9253014234874514
3688094289132740
1849014356825740
2835014285143526
6681014186627906
3200014307541656
8156014423082540
7373013654839046
2838014263402628
6287014295394892
9780013330905308
1766014133870174
1188111784343716
9116014265869142
9353014316990884
2365014363468898
5245014099295752
1084014389559302
6466013854462148
5915014431738782
8825014455049304
4320094459057874
9188014351517082
2890014405945950
8770014229849566
8082014406824804
4504013825734790
1626094454745634
6131013719885856
1472094191652752
6997014419626964
2946013751504400
6437094170553668
6420014460471968
6942014358430354
4564014321148770
8482014449923124
3632014182965708
8568094267731730
5284014296482260
5484014315102564
5691014217656768
9746014429290314
4815094150722638
8359094299064224
7033014418041480
6041014458500352
2019014096703572
6451014274533720
2998014273817572
4948014320437458
8263014459376500
7442014164114368
3311014289143268
5628014388604860
4668014418993676
5767014431934486
3132094460110246
2497014364622698
2991014369529424
4158014314357074
4116094262119650
2404094005989428
13697664106
9325014152057406
2636014460441544
6645014445872002
4597094459066314
8467013291837434
5463094396465614
2060014374028636
1668014328312152
9499013305631860
2642014386123186
5230014460446102
6577013689319820
9011014254612948
9236014365453248
13915507168
1266014431093940
18616309521
7440014110364918
6508014138889308
1440014411149188
6688513591084798
5539014213526252
5234013799924338
8718014395614320
7330014368672486
5066014418855210
7589013265554268
7371014186426748
1966014458559960
3261014391995294
9249014296213780
2208014418208754
3315014278159936
4029014392999290
1111014395478952
6357014377514462
7454014182195502
4274014431994716
6792013802796206
7066014196852692
6997094214690944
9113014249579118
7513014449631546
6327094460204218
5443014389405024
3078094344659802
6128014248772356
5773014387034606
9766114099530528
